WASP-1       00 20 40 +31 59 24   2454013.31269   2.519961    226.38
WASP-2       20 30 54 +06 25 46   2454008.73205   2.152226    107.94
WASP-3       18 34 32 +35 39 41   2454143.8504    1.846835    137  
WASP-4       23 34 15 -42 03 41   2454365.91475   1.338228    134.35
WASP-5       23 57 24 -41 16 37   2454375.62466   1.6284296   140.97
WASP-6       23 12 37 -22 40 26   2454596.43267   3.361006    156.4
WASP-7       20 44 10 -39 13 30   2453985.0149    4.95466     214.
WASP-8       23 59 36 -35 01 52   2454679.33434   8.158716    264.4
WASP-10      23 15 58 +31 27 46   2454357.85803   3.09272     127.8
WASP-11      03 09 28 +30 40 24   2454729.90631   3.722469    159
WASP-12      06 30 32 +29 40 20   2454500.24396   1.09141345  171.36
WASP-13sec   09 20 24 +33 52 56   2455577.6901    4.353011   246.
WASP-13      09 20 24 +33 52 56   2455575.5136    4.353011   246.
WASP-14      14 33 06 +21 53 40   2454463.57583   2.243752    167
WASP-15      13 55 42 -32 09 34   2454584.69823   3.7520656   222.9
WASP-16      14 18 44 -20 16 32   2454584.42878   3.1186009   115.2
WASP-17      15 59 51 -28 03 42   2454559.181     3.7354417   262.8
WASP-18      01 37 25 -45 40 40   2454221.48163   0.94145299  128.6
WASP-19      09 53 40 -45 39 33   2454775.3372    0.7888399   92.4
WASP-20      00 20 38 -23 56 08   2454275.16243   4.89962202  200.676
WASP-21      23 09 58 +18 23 46   2454915.94335   4.32247794  200.561
WASP-22      03 31 16 -23 49 10   2454780.2496    3.53269     197.3
WASP-23      06 44 30 -42 45 42   2454972.68165   2.9444363   148.993 
WASP-24      15 08 52 +02 20 36   2455062.64961   2.3412073   158.112
WASP-25      13 01 26 -27 31 20   2453863.17774   3.76489232  163.234
WASP-26      00 18 25 -15 16 02   2455123.6379    2.7566      141
WASP-27hat   17 20 28 +38 14 32   2454875.28938   4.627669    131.32
WASP-27      17 20 28 +38 14 32   2453829.43753   4.62766184  118.
WASP-28      23 34 28 -01 34 48   2455116.5573    3.408821    182.5
WASP-29      23 51 31 -39 54 24   2454233.63996   3.92274743  154.370 
WASP-30      23 53 38 -10 07 05   2455334.9841    4.156734    233
WASP-31      11 17 45 -19 03 17   2455131.38162   3.40589624  153.913
WASP-32      00 15 51+ 01 12 01   2455151.0546    2.718659    145
WASP-33      02 26 51 +37 33 02   2454105.89115   1.21986786  163.298
WASP-34      11 01 36 -23 51 38   2454647.55358   4.3176782   126.14 
WASP-35      05 04 19 -06 13 47	  2454870.71011   3.16161     185.803
WASP-36      08 46 19 -08 01 37   2455572.91216   1.53736654  104.
WASP-37      14 47 47 +01 03 53   2455338.6189    3.577471    188.2
WASP-38      16 15 50 +10 01 57   2455335.9205    6.871815    279.648
WASP-39      14 29 18 -03 26 40   2455342.9688    4.055259    168.2
WASP-40      14 51 04 +05 56 50.6 2455186.01879   3.039586    101.5
WASP-41	     12 42 28 -30 38 23   2455343.462	  3.052394    154.08
WASP-42h     12 51 56  -42 04 25  2454589.46767	  4.98229659  157.
WASP-43      10 19 38 -09 48 22   2455528.86774	  0.813475    69.5
WASP-44      00 15 37 -11 56 17	  2455434.376	  2.4238039   134.8
WASP-45	     00 20 57 -35 59 54	  2455441.26925	  3.1260876   107.4
WASP-46	     21 14 57  -55 52 18  2455392.31553	  1.43037     100.4
WASP-47h     22 04 49 -12 01 08   2454903.40405   4.15912852  214.326  
WASP-48	     19 24 39 +55 28 24	  2455364.55043   2.143634    191.08  
WASP-49h     06 04 21 -16 57 55	  2454022.8249	  2.781732    127
WASP-50h     02 54 45 -10 53 53   2454698.3782	  1.955024    103
WASP-51/H30  08 15 48 +05 50 12   2455456.46561   2.810595    128
WASP-52h     23 13 59 +08 45 41   2455370.23478   1.74978216  110    
WASP-54h     13 41 49 -00 07 41   2455522.04431   3.69364382  262
WASP-55h     13 35 02 -17 30 13   2453862.3599    4.465701    202
WASP-55me    13 35 02 -17 30 13   2454885.009124  4.465349    220.
WASP-56h     12 13 28 +23 03 20   2455610.75417   3.56237     277
WASP-57h     14 55 17 -02 03 27   2455030.85497   2.8389721   139
WASP-58h     18 18 48 +45 10 19   2455108.67588   5.01718086  221
WASP-59h     23 18 29 +24 53 21   2453906.49274   7.91956502  133
WASP-60h     23 46 40 +31 09 21  2453646.1891     4.30499406	196
J114338    11 43 38 +06 33 49   2454571.55822     2.65537676  157.81
J161743    16 17 43 +26 18 15   2454180.90917     3.60035757  123.6 
J134119    13 41 20 -28 46 60   2454547.071003  0.8308849     63.45
J134119b   13 41 20 -28 46 60   2454528.4616319 0.99710579   80.
TRES-1     19 04 10 +36 37 57   2453898.87342   3.0300737   149.8
TRES-2	   19 07 14 +49 18 59   2453957.6358    2.470621     90
TRES-3	   17 52 07 +37 32 46	2454185.9101	1.30619	     77.4
TRES-4	   17 53 13 +37 12 43   2454230.9053    3.553945     216
HAT-P-1    22 57 47 +38 40 30	2453984.397	4.46529	     159.8
HAT-P-2    16 20 36 +41 02 53   2454212.8564    5.63341      254.9
HAT-P-3    13 44 23 +48 01 43   2454218.7594    2.899738     123.5
HAT-P-4    15 19 58 +36 13 47   2454245.8154    3.056536     253
HAT-P-5    18 17 37 +36 37 17   2454241.77663   2.788491     175
HAT-P-6    23 39 06 +42 27 58   2454035.67575   3.85298      186
HAT-P-7    19 28 59 +47 58 10   2453790.2593    2.2047299    243
HAT-P-8    22 52 10 +35 26 49   2454437.67582   3.07632      228.5
HAT-P-9    07 20 40 +37 08 26   2454417.9077    3.92289      206
HAT-P-11   19 50 50 +48 04 49   2454605.89132   4.8878045    138
HAT-P-12   13 57 34 +43 29 37   2454419.19556   3.2130598    140.3
HAT-P-13   08 39 32 +47 21 08   2454779.92979   2.91626      193.7
HAT-P-15   04 24 59 +39 27 38   2454638.56019   10.863502    329
HAT-P-16   00 38 18 +42 27 47   2455027.59293   2.77596      184
HAT-P-17   21 38 09 +30 29 22   2454801.16945   10.338523    243.5
HAT-P-18   17 05 23 +33 00 47   2454715.02174   5.508023     162.9
HAT-P-19   00 38 04 +34 42 42   2455091.53417   4.008778     170.2
HAT-P-20   07 27 40 +24 20 15   2455080.92661   2.875317     110.88
HAT-P-21   11 25 06 +41 01 40   2454996.41312   4.124481     220.3
HAT-P-22   10 22 44 +50 07 41   2454930.22001   3.21222      172.2
HAT-P-23   20 24 30 +16 45 44   2454852.26464   1.212884     130.75
HAT-P-24   07 15 18 +14 15 45   2455216.97669   3.3552464    219.18 
HAT-P-25   03 13 44 +25 11 51   2455176.85173   3.652836     169
HAT-P-26   14 12 37 +04 03 39   2455304.65122   4.234515     147.3
HAT-P-28   00 52 00 +34 43 43   2455417.59832   3.257215     193.1
HAT-P-29   02 12 31 +51 46 42.5  2455197.5754   5.723186     202.6
HAT-P-30   08 15 48 +05 50 12   2455456.46561   2.810595    127.7
HD149026   16 30 29 +38 20 50   2454456.78761   2.8758911    194.4
HD17156    02 49 44 +71 45 12   2454459.69987   21.21663     192.6
HD189733   20 00 44 +22 42 39   2453988.80336  	2.2185733    109.6
HD209458   22 03 10 +18 53 04   2452826.628521  3.52474859   184.2
GJ436      11 42 10 +26 42 37   2454222.6157    2.643901     62
XO-1       16 02 12 +28 10 11   2453887.74679   3.941534    179.5
XO-2       07 48 07 +50 13 33   2454147.74902   2.615857    162
XO-3       04 21 53 +57 49 02   2454864.76684   3.1915289   173
XO-4       07 21 33 +58 16 05   2454485.9322    4.12502     264
XO-5       07 46 52 +39 05 40   2454485.6664    4.187732    193
CoRoT-1    06 48 19 -03 06 08   2454159.4532    1.5089557   139
CoRoT-2    19 27 06 +01 23 02   2454237.53562   1.7429964   136.8
CoRoT-3    19 28 13 +00 07 18   2454283.1383    4.2568      215
CoRoT-4    06 48 47 -00 40 22   2454141.36416   9.20205     265
CoRoT-5    06 45 07  00 48 55   2454400.19885   4.0378962   168
J181022    18 10 22 +17 21 32   2453379.77311   1.055796    142.152
J213602    21 36 03 +16 16 02   2454018.69904   1.45127829  198.803
J001550    00 15 51 +01 12 02   2454745.9756    2.7186471   138.588
J022837    02 28 37 -07 03 38   2454753.8675    1.360036    128
J035947    03 59 47 +07 21 47   2454802.46333   1.82265467  183.465  
HD156668   17 17 40 +29 13 38   2454718.57      4.6455      100.
HD97658    11 14 33 +25 42 37   2455650.68 1    9.4957      216
J125234    12 52 34 +35 03 45   2453896.78645467 1.969052363318 122.5
J161732mcmc    16 17 33 +24 21 19   2453735.33708766815  1.45371873336296 114.92740
WASP-48mcmc    19 24 39 +55 28 23    2455025.854262609   2.1436771549258 167.688
WASP-48andrew   19 24 39 +55 28 23    2454965.833 2.14363223 179.674
kepler4       19 02 27.7 +50 08 8.7 2454956.6127 3.21346 255
kepler5       19 57 37.7 +44 02 6.2 2454955.90122 3.54846 295
kepler6       19 47 20.9 +48 14 23.8 2454954.48636  3.234723 240
kepler7       19 14 19.6 +41 05 23.3 2454967.27571 4.885525 324
kepler8       18 45 09.1 +42 27 03.8 2454953.6185 3.522265 220
GJ1214         17 15 18.94  +04 57 49.7  2454964.94421  1.5803925  52
J003750        00 37 50 +51 17 19   2454625.83716 2.73235175 124.2 
J003750mine    00 37 50 +51 17 20   2454377.19199  2.73257794   124.358
J003750LTmine  00 37 50 +51 17 20   2454623.11892 2.73252205    123.
WASP-51        08 15 48  +05 50 12   2455206.3221  2.81045315 118.476
WASP-51new    08 15 48  +05 50 12   2455571.70057 2.81060206   132.7
J041351        04 13 51  +07 11 50   2455011.09238 4.44386483 194.1
J212707and     21 27 07  +13 12 31    2453128.453636 1.772109  133.2
J212707mcmc    21 27 07  +13 12 31    2453699.06887   3.54400713   150.761
WASP-52and     23 13 59  +08 45 41    2454946.788044 1.749804  82.1
WASP-524mcmc    23 13 59  +08 45 41    2454971.28531  1.74979041 115.499
J212530        21 25 31  +55 43 23    2455055.24603  3.80972223 218.
J234639huntermc  23 46 40  +31 09 21    2453508.42794  4.30492974 185. 
J234639orionmcm  23 46 40  +31 09 21    2453409.41305  4.30500769  188.
Qatar1       20 13 31.6  +65 09 43.4    2455430.3699  1.42005  93.6
Qatar2 	     13 50 37.4  -06 48 14.4    2455322.07818 1.337002  109.164
Qatar2new   13 50 37.4  -06 48 14.4   2455322.0779172  1.337021817716  106.2